timing(25822,79.00,4.00);
timing(26582,158.00,4.00);
timing(26583,39.50,4.00);
timing(26771,158.00,4.00);
timing(26772,79.00,4.00);
timing(26961,158.00,4.00);
timing(26962,118.50,4.00);
timing(27151,158.00,4.00);
timing(27340,158.00,4.00);
timing(61898,79.00,4.00);
timing(62278,158.00,4.00);
timing(71581,79.00,4.00);
timing(72721,158.00,4.00);
timing(73100,79.00,4.00);
timing(74240,158.00,4.00);
timing(74619,79.00,4.00);
timing(75759,158.00,4.00);
timing(76138,79.00,4.00);
timing(77278,158.00,4.00);
timing(77528,158.00,4.00);